Lottery Predictions (100 sets)
Generated on: 2026-03-21
Based on 2107 historical draws
==================================================

  1. 03 04 05 10 18 + 02 05 (frequency)
  2. 02 08 20 25 34 + 04 06 (random)
  3. 05 14 18 31 33 + 05 11 (balanced)
  4. 05 09 10 13 14 + 02 05 (frequency)
  5. 03 05 16 33 35 + 04 08 (random)
  6. 07 13 20 21 22 + 01 03 (balanced)
  7. 02 03 13 14 18 + 05 08 (frequency)
  8. 06 22 23 25 33 + 11 12 (random)
  9. 09 18 25 28 29 + 05 09 (balanced)
 10. 03 05 09 13 26 + 04 08 (frequency)
 11. 04 09 14 19 27 + 02 11 (random)
 12. 02 04 07 11 13 + 01 02 (balanced)
 13. 05 09 10 13 26 + 08 12 (frequency)
 14. 03 06 19 23 28 + 06 09 (random)
 15. 03 07 08 25 26 + 07 12 (balanced)
 16. 02 05 13 14 26 + 04 08 (frequency)
 17. 03 07 20 31 32 + 02 12 (random)
 18. 02 04 15 33 35 + 09 12 (balanced)
 19. 02 03 09 13 18 + 02 05 (frequency)
 20. 18 21 26 30 34 + 01 06 (random)
 21. 07 12 17 23 24 + 07 10 (balanced)
 22. 03 04 13 14 18 + 01 08 (frequency)
 23. 05 16 20 23 29 + 06 08 (random)
 24. 19 20 21 26 31 + 01 02 (balanced)
 25. 02 09 14 18 26 + 01 08 (frequency)
 26. 09 12 16 23 31 + 04 11 (random)
 27. 04 13 21 29 34 + 05 08 (balanced)
 28. 02 03 05 13 26 + 04 12 (frequency)
 29. 09 19 20 30 34 + 08 10 (random)
 30. 05 19 28 30 31 + 07 11 (balanced)
 31. 03 05 09 13 14 + 04 05 (frequency)
 32. 17 20 23 27 29 + 01 05 (random)
 33. 01 02 17 20 29 + 07 09 (balanced)
 34. 02 03 04 05 10 + 02 04 (frequency)
 35. 11 26 27 33 35 + 05 06 (random)
 36. 01 09 24 27 28 + 09 10 (balanced)
 37. 02 09 13 14 26 + 04 12 (frequency)
 38. 01 15 26 27 30 + 07 11 (random)
 39. 01 04 21 32 35 + 03 10 (balanced)
 40. 02 05 09 14 18 + 08 12 (frequency)
 41. 16 23 30 31 35 + 04 09 (random)
 42. 05 09 20 28 31 + 08 09 (balanced)
 43. 02 03 09 10 13 + 04 12 (frequency)
 44. 03 09 11 27 32 + 09 11 (random)
 45. 01 05 11 18 20 + 04 11 (balanced)
 46. 03 10 13 14 26 + 01 05 (frequency)
 47. 02 06 10 11 20 + 08 11 (random)
 48. 03 07 22 23 34 + 02 03 (balanced)
 49. 02 04 10 13 14 + 01 02 (frequency)
 50. 01 04 10 22 31 + 04 05 (random)
 51. 09 10 13 17 22 + 03 10 (balanced)
 52. 02 09 10 13 26 + 04 12 (frequency)
 53. 04 09 15 21 23 + 11 12 (random)
 54. 02 04 17 33 35 + 03 07 (balanced)
 55. 03 04 05 13 14 + 04 08 (frequency)
 56. 05 19 22 26 35 + 07 12 (random)
 57. 03 09 14 18 35 + 04 12 (balanced)
 58. 04 05 10 18 26 + 02 04 (frequency)
 59. 19 24 25 26 34 + 03 05 (random)
 60. 02 05 28 29 33 + 01 05 (balanced)
 61. 02 04 05 14 18 + 08 12 (frequency)
 62. 01 09 11 13 27 + 05 11 (random)
 63. 10 17 19 23 32 + 06 08 (balanced)
 64. 02 03 09 13 26 + 08 12 (frequency)
 65. 03 07 15 33 34 + 03 12 (random)
 66. 02 03 05 08 27 + 09 11 (balanced)
 67. 03 04 05 10 18 + 08 12 (frequency)
 68. 11 15 26 29 34 + 03 07 (random)
 69. 02 07 15 16 19 + 07 09 (balanced)
 70. 02 03 05 10 18 + 02 04 (frequency)
 71. 02 06 15 21 26 + 05 08 (random)
 72. 05 07 09 20 26 + 05 09 (balanced)
 73. 02 03 05 18 26 + 02 08 (frequency)
 74. 02 09 17 23 25 + 06 10 (random)
 75. 02 15 21 22 29 + 02 12 (balanced)
 76. 02 03 04 09 13 + 02 05 (frequency)
 77. 08 11 25 26 35 + 05 11 (random)
 78. 05 20 23 34 35 + 02 07 (balanced)
 79. 02 03 04 14 26 + 02 04 (frequency)
 80. 04 08 15 28 35 + 08 12 (random)
 81. 01 10 14 29 33 + 05 08 (balanced)
 82. 05 09 13 18 26 + 01 02 (frequency)
 83. 03 13 19 27 35 + 04 11 (random)
 84. 02 03 05 21 24 + 01 10 (balanced)
 85. 02 05 09 10 13 + 02 05 (frequency)
 86. 15 23 27 28 35 + 01 06 (random)
 87. 01 06 18 19 25 + 10 12 (balanced)
 88. 02 03 09 10 26 + 04 05 (frequency)
 89. 07 11 21 27 29 + 08 10 (random)
 90. 05 12 13 15 20 + 04 12 (balanced)
 91. 04 10 13 14 26 + 02 08 (frequency)
 92. 03 08 17 23 32 + 05 09 (random)
 93. 07 09 10 15 24 + 07 10 (balanced)
 94. 03 05 09 10 14 + 01 08 (frequency)
 95. 01 07 18 19 29 + 02 09 (random)
 96. 05 07 16 31 32 + 04 11 (balanced)
 97. 02 03 05 10 18 + 05 12 (frequency)
 98. 02 07 16 22 24 + 05 06 (random)
 99. 02 08 15 19 31 + 02 05 (balanced)
100. 02 03 09 10 14 + 02 12 (frequency)