Lottery Predictions (100 sets)
Generated on: 2026-03-09
For draw date: 2026-03-11
Based on 2103 historical draws
==================================================

  1. 02 04 09 10 16 + 01 12 (frequency)
  2. 08 11 19 26 28 + 07 10 (random)
  3. 09 24 25 30 31 + 03 08 (balanced)
  4. 02 09 14 16 18 + 08 12 (frequency)
  5. 06 12 20 25 32 + 03 08 (random)
  6. 01 04 06 15 31 + 04 10 (balanced)
  7. 02 04 08 13 18 + 02 12 (frequency)
  8. 15 18 23 30 34 + 08 09 (random)
  9. 01 19 24 26 33 + 01 12 (balanced)
 10. 02 05 09 13 18 + 04 12 (frequency)
 11. 02 07 27 29 34 + 05 10 (random)
 12. 04 09 13 20 27 + 01 09 (balanced)
 13. 02 04 05 08 13 + 04 05 (frequency)
 14. 05 09 18 22 34 + 04 10 (random)
 15. 05 07 20 21 26 + 02 08 (balanced)
 16. 02 04 08 10 14 + 05 08 (frequency)
 17. 02 05 12 16 19 + 08 11 (random)
 18. 01 02 05 20 35 + 01 12 (balanced)
 19. 02 08 10 13 18 + 04 05 (frequency)
 20. 09 22 23 30 33 + 05 09 (random)
 21. 06 11 13 15 26 + 05 10 (balanced)
 22. 02 04 05 08 18 + 02 12 (frequency)
 23. 06 07 16 27 33 + 01 09 (random)
 24. 01 06 12 15 17 + 05 12 (balanced)
 25. 08 13 14 16 18 + 02 05 (frequency)
 26. 01 06 10 28 33 + 08 11 (random)
 27. 06 10 17 29 31 + 05 12 (balanced)
 28. 05 09 10 16 18 + 01 05 (frequency)
 29. 01 13 14 24 29 + 02 03 (random)
 30. 04 08 21 29 33 + 05 10 (balanced)
 31. 05 08 10 16 18 + 02 08 (frequency)
 32. 01 07 19 21 26 + 02 06 (random)
 33. 10 15 16 17 29 + 04 10 (balanced)
 34. 02 04 10 14 16 + 04 05 (frequency)
 35. 01 09 20 21 23 + 04 07 (random)
 36. 07 09 19 28 30 + 01 09 (balanced)
 37. 04 09 10 14 16 + 05 12 (frequency)
 38. 02 09 21 28 33 + 10 12 (random)
 39. 05 09 15 16 22 + 01 09 (balanced)
 40. 04 05 09 13 18 + 01 02 (frequency)
 41. 08 13 14 15 32 + 02 08 (random)
 42. 01 02 07 18 21 + 07 10 (balanced)
 43. 04 05 08 13 16 + 04 08 (frequency)
 44. 05 06 21 27 30 + 04 11 (random)
 45. 13 20 23 26 27 + 03 12 (balanced)
 46. 02 08 09 10 13 + 02 04 (frequency)
 47. 12 17 27 31 33 + 02 07 (random)
 48. 02 13 15 25 30 + 08 09 (balanced)
 49. 02 09 14 16 18 + 01 04 (frequency)
 50. 04 09 19 27 35 + 02 04 (random)
 51. 01 11 16 17 34 + 04 05 (balanced)
 52. 02 05 09 10 14 + 01 02 (frequency)
 53. 03 10 16 19 35 + 02 08 (random)
 54. 03 07 16 23 24 + 07 09 (balanced)
 55. 05 09 10 13 16 + 01 08 (frequency)
 56. 05 24 27 33 34 + 02 11 (random)
 57. 09 12 19 26 27 + 04 11 (balanced)
 58. 02 04 08 09 16 + 01 12 (frequency)
 59. 09 11 27 29 32 + 09 10 (random)
 60. 04 16 17 21 23 + 03 04 (balanced)
 61. 02 04 09 10 16 + 05 08 (frequency)
 62. 01 05 06 29 35 + 04 05 (random)
 63. 12 19 22 29 31 + 04 10 (balanced)
 64. 04 08 09 16 18 + 08 12 (frequency)
 65. 16 18 22 29 35 + 07 08 (random)
 66. 13 16 22 33 35 + 07 08 (balanced)
 67. 04 05 10 16 18 + 02 05 (frequency)
 68. 07 08 13 17 25 + 01 11 (random)
 69. 02 13 28 31 33 + 05 09 (balanced)
 70. 02 05 09 13 16 + 01 08 (frequency)
 71. 02 10 20 28 30 + 01 07 (random)
 72. 14 15 26 29 33 + 07 10 (balanced)
 73. 02 08 13 14 18 + 01 12 (frequency)
 74. 09 17 20 21 33 + 03 04 (random)
 75. 03 04 05 18 33 + 10 11 (balanced)
 76. 02 04 09 10 14 + 02 08 (frequency)
 77. 08 11 20 23 33 + 03 06 (random)
 78. 01 10 11 14 35 + 06 10 (balanced)
 79. 04 08 09 16 18 + 02 05 (frequency)
 80. 16 17 18 23 26 + 05 11 (random)
 81. 11 17 21 28 34 + 03 04 (balanced)
 82. 02 09 13 14 16 + 04 05 (frequency)
 83. 06 07 14 16 32 + 05 08 (random)
 84. 07 10 12 27 35 + 04 12 (balanced)
 85. 02 04 05 13 14 + 01 05 (frequency)
 86. 10 15 28 29 35 + 01 05 (random)
 87. 12 15 17 24 31 + 03 06 (balanced)
 88. 05 08 14 16 18 + 01 12 (frequency)
 89. 02 08 11 26 30 + 07 11 (random)
 90. 06 14 17 19 27 + 04 11 (balanced)
 91. 04 05 09 14 16 + 05 08 (frequency)
 92. 11 18 24 30 31 + 07 12 (random)
 93. 12 23 27 29 32 + 01 07 (balanced)
 94. 02 05 08 09 14 + 02 05 (frequency)
 95. 01 10 23 24 26 + 01 04 (random)
 96. 05 12 14 15 23 + 06 10 (balanced)
 97. 04 05 09 10 13 + 04 08 (frequency)
 98. 09 17 21 24 35 + 05 08 (random)
 99. 21 23 25 30 32 + 02 03 (balanced)
100. 02 04 10 13 18 + 05 08 (frequency)
