Lottery Predictions (100 sets)
Generated on: 2026-03-09
Based on 2102 historical draws
==================================================

  1. 05 08 12 13 16 + 05 08 (frequency)
  2. 02 03 07 17 22 + 01 08 (random)
  3. 07 08 09 19 26 + 01 09 (balanced)
  4. 08 09 12 18 26 + 02 12 (frequency)
  5. 18 19 27 31 35 + 08 10 (random)
  6. 10 21 28 31 33 + 05 09 (balanced) → 七等奖 (5元)
  7. 05 12 13 18 26 + 02 05 (frequency)
  8. 02 13 20 25 28 + 01 04 (random)
  9. 11 22 24 25 35 + 05 07 (balanced)
 10. 02 14 16 18 26 + 02 05 (frequency)
 11. 09 16 22 32 34 + 04 07 (random)
 12. 09 22 23 25 30 + 04 10 (balanced)
 13. 05 08 09 13 26 + 02 08 (frequency)
 14. 08 13 21 23 31 + 08 11 (random)
 15. 01 04 15 19 30 + 01 12 (balanced)
 16. 02 05 08 13 18 + 02 08 (frequency)
 17. 12 13 17 18 22 + 02 12 (random)
 18. 09 11 26 27 30 + 04 07 (balanced)
 19. 05 08 12 18 26 + 01 05 (frequency)
 20. 12 15 21 23 33 + 01 06 (random)
 21. 01 02 13 20 25 + 05 10 (balanced)
 22. 02 08 12 16 26 + 01 02 (frequency)
 23. 02 11 16 18 34 + 02 04 (random)
 24. 06 13 17 26 31 + 03 09 (balanced)
 25. 02 05 08 13 16 + 01 05 (frequency)
 26. 10 11 29 33 34 + 03 07 (random)
 27. 06 07 21 25 30 + 02 10 (balanced)
 28. 09 12 14 18 26 + 04 05 (frequency)
 29. 13 17 21 23 33 + 08 12 (random)
 30. 07 18 25 32 35 + 01 12 (balanced)
 31. 02 05 09 12 14 + 02 04 (frequency)
 32. 04 06 20 22 31 + 11 12 (random)
 33. 02 10 13 29 33 + 04 06 (balanced)
 34. 02 08 14 18 26 + 01 05 (frequency)
 35. 13 14 21 22 32 + 09 11 (random)
 36. 09 13 20 22 29 + 04 05 (balanced)
 37. 08 09 12 16 26 + 02 08 (frequency)
 38. 06 10 15 19 27 + 02 08 (random)
 39. 14 15 18 29 35 + 02 09 (balanced)
 40. 02 05 08 09 13 + 05 08 (frequency)
 41. 04 19 21 22 26 + 01 06 (random)
 42. 06 08 21 27 35 + 01 06 (balanced)
 43. 02 08 09 12 14 + 04 05 (frequency)
 44. 08 13 20 22 34 + 06 12 (random)
 45. 01 14 20 23 25 + 01 12 (balanced)
 46. 02 05 08 16 18 + 01 02 (frequency)
 47. 04 14 15 27 31 + 02 10 (random)
 48. 04 07 23 28 33 + 02 04 (balanced)
 49. 08 12 13 14 18 + 01 08 (frequency)
 50. 02 06 09 29 33 + 09 10 (random)
 51. 05 16 19 22 25 + 02 09 (balanced)
 52. 05 08 12 14 18 + 04 08 (frequency)
 53. 03 22 25 27 29 + 01 03 (random)
 54. 02 09 13 29 32 + 01 05 (balanced)
 55. 05 08 09 12 14 + 02 04 (frequency)
 56. 01 02 13 19 28 + 02 03 (random)
 57. 02 03 10 21 25 + 09 12 (balanced) → 五等奖 (150元)
 58. 02 05 09 14 16 + 02 05 (frequency)
 59. 01 04 16 28 32 + 07 08 (random)
 60. 04 06 19 21 25 + 11 12 (balanced) → 七等奖 (5元)
 61. 05 12 14 16 26 + 04 05 (frequency)
 62. 03 07 21 26 30 + 01 12 (random)
 63. 01 10 16 27 35 + 01 11 (balanced)
 64. 02 05 09 12 18 + 02 04 (frequency)
 65. 12 14 16 22 29 + 07 12 (random)
 66. 04 07 10 19 25 + 02 06 (balanced)
 67. 02 05 08 12 26 + 04 05 (frequency)
 68. 01 17 20 21 35 + 01 09 (random)
 69. 05 09 16 19 24 + 02 07 (balanced)
 70. 08 13 14 16 26 + 02 05 (frequency)
 71. 01 14 15 20 35 + 03 08 (random)
 72. 02 07 09 19 28 + 04 09 (balanced)
 73. 02 05 09 13 18 + 02 12 (frequency)
 74. 03 05 08 21 31 + 10 11 (random)
 75. 05 20 23 32 35 + 02 10 (balanced)
 76. 09 12 13 18 26 + 04 12 (frequency)
 77. 20 21 23 24 26 + 09 11 (random)
 78. 01 05 16 31 34 + 02 10 (balanced)
 79. 02 05 08 12 26 + 04 05 (frequency)
 80. 07 19 20 26 34 + 06 11 (random)
 81. 09 11 20 25 26 + 04 08 (balanced)
 82. 08 12 13 18 26 + 01 08 (frequency)
 83. 02 09 29 30 31 + 03 08 (random)
 84. 05 07 23 26 34 + 03 05 (balanced)
 85. 02 12 16 18 26 + 01 04 (frequency)
 86. 01 02 08 09 11 + 01 10 (random)
 87. 09 10 13 14 15 + 01 12 (balanced)
 88. 02 05 08 09 13 + 02 12 (frequency) → 七等奖 (5元)
 89. 07 08 10 24 29 + 02 07 (random)
 90. 02 07 20 25 35 + 04 07 (balanced)
 91. 08 09 12 14 16 + 01 12 (frequency)
 92. 01 06 20 23 28 + 01 03 (random)
 93. 06 11 17 24 35 + 05 09 (balanced)
 94. 02 05 12 14 16 + 05 08 (frequency)
 95. 02 03 18 19 35 + 04 10 (random)
 96. 12 16 19 29 31 + 04 12 (balanced)
 97. 09 13 14 18 26 + 04 05 (frequency)
 98. 13 24 25 27 35 + 04 11 (random)
 99. 08 09 12 21 31 + 05 08 (balanced)
100. 02 12 14 18 26 + 04 08 (frequency)