Lottery Predictions (100 sets)
Generated on: 2026-03-23
Based on 2108 historical draws
==================================================

  1. 02 09 10 13 18 + 01 05 (frequency)
  2. 01 04 13 16 33 + 01 10 (random)
  3. 01 08 13 30 35 + 03 11 (balanced)
  4. 03 04 05 09 10 + 04 05 (frequency)
  5. 10 12 16 34 35 + 01 05 (random)
  6. 03 05 16 30 31 + 07 11 (balanced)
  7. 03 04 10 18 26 + 04 05 (frequency)
  8. 01 05 16 24 33 + 02 08 (random)
  9. 05 06 23 26 27 + 06 07 (balanced)
 10. 04 09 10 14 18 + 02 08 (frequency)
 11. 03 06 10 26 30 + 01 07 (random)
 12. 04 05 06 13 33 + 02 09 (balanced)
 13. 02 04 10 14 18 + 01 02 (frequency)
 14. 21 23 26 27 32 + 07 11 (random)
 15. 06 09 21 23 26 + 01 10 (balanced)
 16. 02 03 05 10 13 + 02 12 (frequency)
 17. 14 25 27 28 33 + 05 07 (random)
 18. 06 17 19 30 35 + 03 12 (balanced)
 19. 02 03 04 09 10 + 04 05 (frequency)
 20. 04 06 22 27 30 + 01 05 (random)
 21. 17 18 20 27 29 + 07 08 (balanced)
 22. 02 03 09 13 14 + 08 12 (frequency)
 23. 05 08 17 21 22 + 02 08 (random)
 24. 01 02 04 11 17 + 07 09 (balanced)
 25. 03 05 09 10 26 + 05 08 (frequency)
 26. 12 20 27 29 34 + 06 12 (random)
 27. 21 23 26 29 34 + 03 10 (balanced)
 28. 03 04 09 18 26 + 02 08 (frequency)
 29. 09 13 33 34 35 + 06 09 (random)
 30. 11 14 25 27 30 + 05 07 (balanced)
 31. 02 04 09 10 26 + 05 08 (frequency)
 32. 06 14 18 22 28 + 03 10 (random)
 33. 07 09 16 25 34 + 04 12 (balanced)
 34. 02 03 05 10 14 + 02 05 (frequency)
 35. 03 10 13 27 32 + 06 08 (random)
 36. 07 17 18 22 35 + 09 12 (balanced)
 37. 02 09 10 18 26 + 01 08 (frequency)
 38. 09 10 21 31 33 + 02 03 (random)
 39. 01 06 18 25 35 + 04 10 (balanced)
 40. 03 04 05 14 26 + 01 04 (frequency)
 41. 06 07 10 17 20 + 04 11 (random)
 42. 08 10 27 33 35 + 04 12 (balanced)
 43. 02 04 05 10 13 + 08 12 (frequency)
 44. 13 14 28 32 34 + 11 12 (random)
 45. 01 10 21 29 32 + 05 07 (balanced)
 46. 02 03 09 10 14 + 02 04 (frequency)
 47. 03 05 18 23 25 + 01 12 (random)
 48. 05 14 15 19 34 + 03 09 (balanced)
 49. 03 09 14 18 26 + 08 12 (frequency)
 50. 01 04 19 23 25 + 08 11 (random)
 51. 09 15 16 22 25 + 02 09 (balanced)
 52. 04 05 09 10 13 + 01 02 (frequency)
 53. 05 10 15 23 24 + 02 06 (random)
 54. 02 07 11 21 34 + 10 12 (balanced)
 55. 02 04 05 09 14 + 01 05 (frequency)
 56. 05 24 25 26 33 + 01 02 (random)
 57. 02 17 22 25 29 + 05 11 (balanced)
 58. 02 03 09 10 14 + 05 12 (frequency)
 59. 08 11 14 26 32 + 07 08 (random)
 60. 07 11 14 17 28 + 01 12 (balanced)
 61. 03 05 09 10 26 + 05 12 (frequency)
 62. 06 07 15 25 27 + 02 09 (random)
 63. 11 12 13 24 31 + 03 11 (balanced)
 64. 02 03 10 18 26 + 08 12 (frequency)
 65. 03 04 08 10 16 + 03 06 (random)
 66. 01 02 04 15 17 + 05 07 (balanced)
 67. 04 09 10 13 14 + 02 08 (frequency)
 68. 14 21 25 26 34 + 03 09 (random)
 69. 04 11 15 18 19 + 01 03 (balanced)
 70. 04 05 13 14 26 + 01 05 (frequency)
 71. 16 20 23 25 31 + 03 04 (random)
 72. 03 10 15 34 35 + 07 09 (balanced)
 73. 02 03 04 10 13 + 01 02 (frequency)
 74. 02 05 06 12 29 + 07 12 (random)
 75. 05 09 15 26 30 + 05 09 (balanced)
 76. 02 04 05 13 14 + 04 05 (frequency)
 77. 01 02 16 25 26 + 03 12 (random)
 78. 09 14 23 25 26 + 02 10 (balanced)
 79. 02 03 09 18 26 + 01 04 (frequency)
 80. 04 11 22 30 31 + 03 12 (random)
 81. 01 04 17 20 27 + 02 05 (balanced)
 82. 02 04 05 09 14 + 01 02 (frequency)
 83. 08 14 17 22 27 + 09 10 (random)
 84. 09 23 24 32 33 + 08 09 (balanced)
 85. 04 10 13 14 26 + 02 04 (frequency)
 86. 14 16 17 19 31 + 01 08 (random)
 87. 10 17 19 32 33 + 01 06 (balanced)
 88. 02 04 10 13 18 + 04 08 (frequency)
 89. 17 19 22 26 28 + 04 06 (random)
 90. 11 21 25 28 30 + 04 12 (balanced)
 91. 02 03 04 10 26 + 02 08 (frequency)
 92. 03 07 18 25 26 + 07 09 (random)
 93. 07 10 33 34 35 + 04 10 (balanced)
 94. 04 05 10 18 26 + 02 08 (frequency)
 95. 06 17 25 27 32 + 01 03 (random)
 96. 02 17 21 22 33 + 02 10 (balanced)
 97. 02 05 09 13 18 + 08 12 (frequency)
 98. 02 03 11 23 33 + 08 09 (random)
 99. 11 13 22 23 32 + 02 03 (balanced)
100. 02 05 09 18 26 + 04 08 (frequency)