Lottery Predictions (100 sets)
Generated on: 2026-03-14
Based on 2104 historical draws
==================================================

  1. 02 03 05 10 13 + 04 08 (frequency)
  2. 19 23 24 25 28 + 08 12 (random)
  3. 01 04 11 12 17 + 04 07 (balanced)
  4. 04 09 10 18 26 + 01 04 (frequency)
  5. 10 19 28 32 34 + 07 11 (random)
  6. 13 16 23 28 35 + 03 11 (balanced)
  7. 02 04 10 18 26 + 05 08 (frequency)
  8. 01 08 14 21 30 + 11 12 (random)
  9. 04 06 17 23 29 + 01 11 (balanced)
 10. 04 05 13 18 26 + 01 05 (frequency)
 11. 08 13 24 29 34 + 03 05 (random)
 12. 08 18 21 23 27 + 01 12 (balanced)
 13. 02 04 09 10 14 + 01 08 (frequency)
 14. 12 14 21 31 33 + 03 08 (random)
 15. 08 16 17 25 29 + 01 06 (balanced)
 16. 03 09 10 14 18 + 04 08 (frequency)
 17. 01 09 23 25 27 + 02 08 (random)
 18. 04 09 14 19 31 + 04 05 (balanced)
 19. 02 04 09 14 26 + 02 04 (frequency)
 20. 08 16 22 34 35 + 03 06 (random)
 21. 10 11 25 31 34 + 05 09 (balanced)
 22. 02 05 09 13 18 + 01 04 (frequency)
 23. 03 05 09 11 35 + 04 12 (random)
 24. 05 14 21 31 34 + 03 06 (balanced)
 25. 02 03 04 05 26 + 05 12 (frequency)
 26. 03 17 23 30 32 + 03 10 (random)
 27. 03 06 15 16 21 + 03 04 (balanced)
 28. 02 03 10 14 26 + 04 05 (frequency)
 29. 03 06 07 08 18 + 11 12 (random)
 30. 01 04 09 10 11 + 02 10 (balanced)
 31. 02 04 09 14 18 + 05 08 (frequency)
 32. 08 09 19 23 35 + 01 03 (random)
 33. 14 15 33 34 35 + 02 10 (balanced)
 34. 03 04 05 13 14 + 05 12 (frequency)
 35. 12 16 25 29 32 + 05 08 (random)
 36. 20 21 27 34 35 + 10 12 (balanced)
 37. 03 09 14 18 26 + 01 05 (frequency)
 38. 20 25 29 30 35 + 08 09 (random)
 39. 01 03 05 18 28 + 04 10 (balanced)
 40. 03 04 09 10 13 + 01 04 (frequency)
 41. 04 07 19 30 31 + 03 06 (random)
 42. 02 08 11 25 27 + 02 06 (balanced)
 43. 02 03 04 05 14 + 04 12 (frequency)
 44. 03 05 16 19 35 + 03 09 (random)
 45. 01 04 05 30 33 + 02 11 (balanced)
 46. 02 04 05 13 14 + 02 04 (frequency)
 47. 05 07 10 18 27 + 02 05 (random)
 48. 05 12 17 19 34 + 01 04 (balanced)
 49. 02 03 04 09 26 + 04 12 (frequency)
 50. 11 17 29 30 34 + 02 08 (random)
 51. 01 09 21 22 28 + 02 10 (balanced)
 52. 02 03 05 14 26 + 01 08 (frequency)
 53. 24 30 32 33 34 + 08 10 (random)
 54. 05 19 24 27 32 + 06 12 (balanced)
 55. 02 03 05 09 26 + 04 08 (frequency)
 56. 07 10 18 24 25 + 04 10 (random)
 57. 16 18 19 33 35 + 03 10 (balanced)
 58. 02 04 05 10 13 + 01 12 (frequency)
 59. 04 07 09 30 34 + 08 09 (random)
 60. 19 23 25 28 32 + 04 12 (balanced)
 61. 05 09 13 18 26 + 04 05 (frequency)
 62. 12 14 22 23 28 + 02 10 (random)
 63. 01 02 20 23 33 + 07 10 (balanced)
 64. 03 04 05 13 26 + 01 04 (frequency)
 65. 06 07 11 23 29 + 03 04 (random)
 66. 01 05 12 19 34 + 02 11 (balanced)
 67. 02 04 09 10 18 + 02 05 (frequency)
 68. 09 10 17 18 19 + 01 08 (random)
 69. 01 06 13 18 19 + 04 07 (balanced)
 70. 03 04 05 09 13 + 04 08 (frequency)
 71. 05 12 16 20 31 + 03 04 (random)
 72. 01 03 06 07 26 + 09 11 (balanced)
 73. 02 04 05 10 26 + 08 12 (frequency)
 74. 03 07 23 31 35 + 01 12 (random)
 75. 01 05 14 26 27 + 01 11 (balanced)
 76. 03 05 14 18 26 + 05 08 (frequency)
 77. 15 18 29 30 33 + 09 10 (random)
 78. 03 07 14 24 29 + 06 07 (balanced)
 79. 02 03 04 10 18 + 08 12 (frequency)
 80. 04 09 17 33 35 + 08 09 (random)
 81. 07 21 22 28 31 + 02 07 (balanced)
 82. 02 03 05 14 18 + 01 12 (frequency)
 83. 02 08 17 24 25 + 02 05 (random)
 84. 09 15 16 17 28 + 09 11 (balanced)
 85. 05 13 14 18 26 + 04 08 (frequency)
 86. 02 07 09 19 27 + 02 09 (random)
 87. 04 07 11 22 27 + 04 10 (balanced)
 88. 02 04 09 10 18 + 01 08 (frequency)
 89. 04 20 21 24 28 + 09 12 (random)
 90. 03 09 12 20 35 + 01 02 (balanced)
 91. 02 04 05 14 18 + 01 05 (frequency)
 92. 13 20 21 24 26 + 08 10 (random)
 93. 01 04 09 10 27 + 07 10 (balanced)
 94. 03 04 05 10 14 + 04 05 (frequency)
 95. 05 19 24 26 29 + 05 09 (random)
 96. 02 19 23 28 31 + 02 07 (balanced)
 97. 02 03 04 09 10 + 01 04 (frequency)
 98. 04 08 09 17 22 + 03 04 (random)
 99. 02 07 09 23 34 + 04 10 (balanced)
100. 02 04 05 09 10 + 02 04 (frequency)
