Lottery Predictions (100 sets)
Generated on: 2026-03-11
Based on 2104 historical draws
==================================================

  1. 01 08 10 23 26 + 09 11 (unknown)
  2. 02 04 08 15 18 + 01 03 (unknown)
  3. 08 20 21 23 29 + 01 10 (unknown)
  4. 04 06 12 25 34 + 02 11 (unknown)
  5. 19 22 26 29 35 + 05 07 (unknown)
  6. 21 22 25 30 31 + 01 03 (unknown)
  7. 03 04 09 10 11 + 05 08 (unknown)
  8. 08 10 13 23 33 + 03 08 (unknown)
  9. 06 14 23 26 35 + 07 09 (unknown)
 10. 02 09 12 28 30 + 03 04 (unknown)
 11. 12 14 23 31 34 + 06 11 (unknown)
 12. 09 10 20 21 32 + 03 05 (unknown)
 13. 02 04 18 22 35 + 06 10 (unknown)
 14. 03 14 19 34 35 + 01 11 (unknown)
 15. 10 19 23 24 26 + 02 06 (unknown)
 16. 10 16 18 31 34 + 03 11 (unknown)
 17. 06 11 22 23 31 + 07 10 (unknown)
 18. 01 12 19 28 33 + 10 11 (unknown)
 19. 03 11 18 31 34 + 01 10 (unknown)
 20. 05 10 17 20 27 + 06 11 (unknown)
 21. 08 11 19 26 35 + 06 08 (unknown)
 22. 05 08 12 19 21 + 01 03 (unknown)
 23. 03 09 23 31 32 + 03 09 (unknown)
 24. 05 08 17 20 33 + 03 10 (unknown)
 25. 04 15 16 17 26 + 09 12 (unknown)
 26. 04 09 12 15 31 + 03 06 (unknown)
 27. 09 10 15 16 33 + 07 11 (unknown)
 28. 02 30 33 34 35 + 02 11 (unknown)
 29. 03 08 14 15 17 + 04 12 (unknown)
 30. 15 16 28 34 35 + 07 09 (unknown) → 七等奖 (5元)
 31. 06 11 19 21 34 + 01 09 (unknown)
 32. 06 18 21 30 34 + 01 03 (unknown)
 33. 05 09 21 24 32 + 03 08 (unknown)
 34. 15 19 21 22 33 + 03 09 (unknown)
 35. 09 11 12 14 24 + 01 10 (unknown)
 36. 03 08 10 17 35 + 11 12 (unknown)
 37. 06 13 25 30 31 + 08 12 (unknown)
 38. 01 11 23 24 29 + 02 12 (unknown)
 39. 04 05 10 20 22 + 03 09 (unknown)
 40. 10 18 23 30 32 + 02 06 (unknown)
 41. 01 10 23 26 27 + 06 07 (unknown)
 42. 01 03 20 31 32 + 07 11 (unknown)
 43. 05 06 11 28 32 + 03 11 (unknown)
 44. 04 09 15 28 31 + 02 08 (unknown)
 45. 01 29 31 33 35 + 04 09 (unknown)
 46. 10 28 29 31 33 + 02 11 (unknown)
 47. 08 11 17 29 31 + 03 10 (unknown)
 48. 01 07 12 31 34 + 04 08 (unknown)
 49. 05 14 19 33 35 + 03 12 (unknown)
 50. 04 10 16 26 34 + 04 08 (unknown)
 51. 09 14 18 21 25 + 01 12 (unknown)
 52. 03 13 19 24 26 + 04 08 (unknown)
 53. 05 11 15 26 30 + 06 12 (unknown)
 54. 11 20 22 24 32 + 01 04 (unknown)
 55. 08 16 17 21 23 + 06 11 (unknown)
 56. 03 06 19 23 28 + 05 10 (unknown)
 57. 01 07 08 24 27 + 03 06 (unknown)
 58. 03 07 15 23 30 + 06 09 (unknown)
 59. 01 04 09 23 27 + 03 06 (unknown)
 60. 02 09 19 30 34 + 06 10 (unknown)
 61. 21 24 32 34 35 + 08 09 (unknown)
 62. 18 20 27 30 32 + 04 06 (unknown)
 63. 09 19 22 23 27 + 01 04 (unknown)
 64. 05 10 11 12 19 + 03 09 (unknown)
 65. 03 08 15 19 25 + 06 11 (unknown)
 66. 14 21 25 27 30 + 01 05 (unknown)
 67. 15 20 27 30 34 + 03 08 (unknown)
 68. 02 08 12 16 24 + 02 05 (unknown)
 69. 01 05 14 17 22 + 01 07 (unknown)
 70. 02 05 14 17 23 + 03 04 (unknown)
 71. 03 09 14 27 30 + 01 07 (unknown)
 72. 13 23 27 28 35 + 03 12 (unknown)
 73. 01 05 06 20 24 + 03 09 (unknown)
 74. 05 06 22 27 29 + 02 12 (unknown)
 75. 01 11 14 24 34 + 01 09 (unknown)
 76. 04 22 25 28 30 + 02 08 (unknown)
 77. 13 15 18 28 35 + 05 11 (unknown)
 78. 04 23 29 30 34 + 06 09 (unknown)
 79. 10 19 26 29 34 + 06 09 (unknown)
 80. 04 09 10 30 31 + 06 08 (unknown)
 81. 02 07 08 14 30 + 05 10 (unknown)
 82. 01 10 25 31 34 + 02 09 (unknown)
 83. 18 23 25 27 28 + 02 03 (unknown)
 84. 11 17 19 21 25 + 06 09 (unknown)
 85. 05 09 10 12 25 + 02 03 (unknown)
 86. 07 08 17 19 27 + 09 12 (unknown)
 87. 04 07 08 10 19 + 01 03 (unknown)
 88. 10 19 20 25 35 + 02 11 (unknown)
 89. 16 17 18 21 31 + 01 03 (unknown)
 90. 03 15 17 29 33 + 01 08 (unknown) → 七等奖 (5元)
 91. 05 06 11 20 35 + 08 10 (unknown)
 92. 08 16 19 28 31 + 04 12 (unknown)
 93. 08 22 24 26 34 + 02 03 (unknown)
 94. 01 03 11 16 21 + 03 09 (unknown)
 95. 16 22 25 28 33 + 08 12 (unknown)
 96. 15 20 23 29 32 + 01 02 (unknown)
 97. 05 11 20 25 27 + 09 12 (unknown)
 98. 02 03 12 16 18 + 02 04 (unknown)
 99. 21 24 30 34 35 + 01 04 (unknown)
100. 07 17 23 27 33 + 06 08 (unknown)
