Lottery Predictions (100 sets)
Generated on: 2026-03-16
Based on 2105 historical draws
==================================================

  1. 03 09 10 13 14 + 01 08 (frequency)
  2. 04 13 16 31 32 + 06 08 (random)
  3. 08 09 10 17 25 + 03 06 (balanced)
  4. 02 03 04 18 26 + 02 05 (frequency)
  5. 06 08 13 16 34 + 06 07 (random)
  6. 07 17 24 27 30 + 02 10 (balanced)
  7. 02 03 10 18 26 + 04 08 (frequency)
  8. 11 19 22 30 32 + 04 09 (random)
  9. 03 16 18 25 33 + 06 10 (balanced)
 10. 02 03 04 10 18 + 05 12 (frequency)
 11. 04 13 23 26 31 + 06 09 (random)
 12. 15 27 28 30 35 + 02 11 (balanced)
 13. 03 04 10 14 18 + 05 12 (frequency)
 14. 02 14 21 31 32 + 09 12 (random)
 15. 09 16 19 29 34 + 01 04 (balanced)
 16. 02 04 05 09 10 + 01 12 (frequency)
 17. 01 13 18 25 28 + 02 04 (random)
 18. 05 07 10 18 19 + 02 05 (balanced)
 19. 02 03 10 13 18 + 01 04 (frequency)
 20. 05 07 11 12 34 + 05 10 (random)
 21. 08 15 17 27 30 + 11 12 (balanced)
 22. 02 03 09 13 26 + 02 04 (frequency)
 23. 01 10 17 26 28 + 05 09 (random)
 24. 01 05 19 22 30 + 01 11 (balanced)
 25. 02 03 04 13 26 + 05 12 (frequency)
 26. 01 19 22 24 30 + 01 08 (random)
 27. 06 07 23 29 34 + 02 08 (balanced)
 28. 04 09 10 14 18 + 02 08 (frequency)
 29. 06 13 18 22 25 + 01 12 (random)
 30. 04 11 14 19 31 + 04 10 (balanced)
 31. 02 04 05 10 18 + 01 12 (frequency)
 32. 08 09 17 25 33 + 01 04 (random)
 33. 11 17 20 21 24 + 01 09 (balanced)
 34. 02 10 13 14 26 + 02 05 (frequency)
 35. 01 21 24 31 33 + 03 09 (random)
 36. 01 08 12 19 35 + 06 08 (balanced)
 37. 02 04 10 18 26 + 01 04 (frequency)
 38. 06 15 25 27 33 + 06 08 (random)
 39. 03 12 13 30 31 + 04 10 (balanced)
 40. 02 09 10 18 26 + 02 12 (frequency)
 41. 01 04 05 06 09 + 03 12 (random)
 42. 09 18 26 29 31 + 01 07 (balanced)
 43. 04 09 10 18 26 + 01 02 (frequency)
 44. 05 11 13 24 25 + 01 11 (random)
 45. 09 15 16 22 33 + 06 11 (balanced)
 46. 03 04 13 14 18 + 02 04 (frequency)
 47. 09 16 18 29 34 + 02 10 (random)
 48. 17 19 21 26 32 + 03 10 (balanced)
 49. 02 03 04 10 14 + 02 12 (frequency)
 50. 15 25 26 27 30 + 04 05 (random)
 51. 01 08 18 19 35 + 04 08 (balanced)
 52. 05 09 10 13 14 + 02 05 (frequency)
 53. 03 13 15 16 34 + 06 09 (random)
 54. 04 21 29 30 31 + 04 07 (balanced)
 55. 02 03 05 09 18 + 01 05 (frequency)
 56. 01 08 20 25 26 + 05 09 (random)
 57. 03 04 11 14 17 + 03 05 (balanced)
 58. 03 04 10 14 18 + 02 12 (frequency)
 59. 08 13 16 20 32 + 07 09 (random)
 60. 14 25 26 27 29 + 01 06 (balanced)
 61. 04 05 09 14 26 + 02 05 (frequency)
 62. 22 24 27 29 35 + 03 09 (random)
 63. 02 08 17 27 29 + 01 11 (balanced)
 64. 02 05 09 13 18 + 04 12 (frequency)
 65. 04 10 21 29 30 + 02 08 (random)
 66. 01 10 13 25 32 + 01 06 (balanced)
 67. 03 04 10 14 18 + 02 12 (frequency)
 68. 05 09 20 27 32 + 03 05 (random)
 69. 10 23 27 28 29 + 07 10 (balanced)
 70. 02 05 10 14 18 + 01 05 (frequency)
 71. 19 21 24 27 29 + 02 06 (random)
 72. 06 12 15 19 31 + 03 08 (balanced)
 73. 02 03 05 09 10 + 04 05 (frequency)
 74. 09 15 16 32 34 + 11 12 (random)
 75. 02 17 27 30 35 + 06 12 (balanced)
 76. 02 03 04 10 13 + 02 04 (frequency)
 77. 07 13 15 24 31 + 05 10 (random)
 78. 07 09 24 28 31 + 01 10 (balanced)
 79. 02 03 10 14 26 + 08 12 (frequency)
 80. 01 03 10 20 31 + 03 08 (random)
 81. 02 11 24 25 35 + 01 05 (balanced)
 82. 04 10 13 14 26 + 01 04 (frequency)
 83. 01 11 13 24 31 + 07 10 (random)
 84. 04 16 21 29 33 + 05 10 (balanced)
 85. 02 04 09 13 14 + 05 08 (frequency)
 86. 03 12 17 27 28 + 06 07 (random)
 87. 04 11 20 23 35 + 08 09 (balanced)
 88. 02 03 05 09 10 + 05 08 (frequency)
 89. 04 05 07 18 26 + 04 10 (random)
 90. 05 07 10 17 26 + 08 11 (balanced)
 91. 03 04 10 14 26 + 04 08 (frequency)
 92. 06 07 10 12 18 + 05 08 (random)
 93. 04 09 11 19 26 + 02 05 (balanced)
 94. 02 03 09 18 26 + 02 08 (frequency)
 95. 22 24 31 32 33 + 08 11 (random)
 96. 01 13 16 23 26 + 11 12 (balanced)
 97. 02 04 05 13 18 + 01 12 (frequency)
 98. 02 17 19 25 29 + 06 11 (random)
 99. 01 03 20 23 32 + 05 06 (balanced)
100. 02 03 09 10 13 + 01 08 (frequency)
